,Date,Open,High,Low,Adj Close,Volume,MA_Fast,MA_Slow,MACD,Signal
0,2020-03-16,285.0,291.0,275.5,268.86578399999996,103873228,,,,
1,2020-03-17,265.0,276.5,265.0,260.600525,121323651,,,,
2,2020-03-18,269.5,272.5,260.0,252.821381,117437643,,,,
3,2020-03-19,252.0,253.0,235.5,243.494003,160811697,,,,
4,2020-03-20,258.5,270.0,256.0,265.094269,157664726,,,,
5,2020-03-23,257.0,262.5,252.0,250.366806,76466709,,,,
6,2020-03-24,268.0,274.0,266.0,262.639679,81952933,,,,
7,2020-03-25,276.5,280.0,274.0,271.96707200000003,79447199,,,,
8,2020-03-26,279.5,280.0,275.5,274.91256699999997,52845633,,,,
9,2020-03-27,284.0,286.0,273.0,268.039764,68752306,,,,
10,2020-03-30,263.5,269.0,262.5,262.639679,49159956,,,,
11,2020-03-31,273.0,274.0,269.5,269.021576,48837923,264.79386635881076,,,
12,2020-04-01,276.5,276.5,271.5,266.56701699999996,44515034,265.1017526711974,,,
13,2020-04-06,273.0,275.5,270.0,270.494324,56392754,266.01993539335297,,,
14,2020-04-07,283.5,284.0,280.5,277.858063,48787346,268.0030244291385,,,
15,2020-04-08,285.0,285.5,283.0,279.82171600000004,37912826,269.9561563963459,,,
16,2020-04-09,287.5,288.0,282.5,277.858063,27620430,271.2472748692898,,,
17,2020-04-10,280.0,282.0,279.0,274.421661,27252858,271.7610432314954,,,
18,2020-04-13,278.5,281.5,278.5,273.439819,22196596,272.03059297664555,,,
19,2020-04-14,281.0,285.5,280.0,279.82171600000004,48809688,273.27321440462737,,,
20,2020-04-15,287.0,288.5,286.0,282.27630600000003,55216434,274.70107366053054,,,
21,2020-04-16,283.0,288.5,283.0,281.294464,47815280,275.74181866366445,,,
22,2020-04-17,303.5,308.5,300.5,300.931061,116368201,279.702014804374,,,
23,2020-04-20,308.0,309.0,302.5,298.476501,41381669,282.64377892658206,,,
24,2020-04-21,300.5,301.5,293.5,289.640015,61479357,283.73690728616396,,,
25,2020-04-22,294.5,295.0,290.5,288.65820299999996,42192580,284.50399587099594,279.08720318280535,5.416792688190583,
26,2020-04-23,300.0,300.0,294.0,290.130951,39474478,285.3793038856272,280.0223232873228,5.356980598304403,
27,2020-04-24,295.5,297.0,294.0,288.65820299999996,26008090,285.8884863730844,280.74588931079745,5.142597062286939,
28,2020-04-27,298.0,298.5,296.0,292.58551,38493406,286.92697163170595,281.7283425159299,5.198629115776043,
29,2020-04-28,298.5,298.5,294.5,291.11276200000003,37395165,287.5752570185787,282.50018871648496,5.075068302093769,
30,2020-04-29,299.0,301.5,298.0,293.567352,44059301,288.50234233653777,283.40305695731746,5.099285379220305,
31,2020-04-30,302.0,305.0,301.5,298.967407,55126085,290.120066346004,284.6633486874841,5.456717658519949,
32,2020-05-04,294.5,296.5,294.0,289.640015,71581861,290.04591309512176,285.0635631255943,4.982349969527434,
33,2020-05-05,296.5,298.0,295.0,290.130951,23547405,290.05904066867873,285.46850423787004,4.590536430808697,5.04563642039437
34,2020-05-06,294.5,296.0,292.5,290.621857,34240479,290.14587865946146,285.8779250623363,4.2679535971251426,4.871390323556127
35,2020-05-07,294.5,299.0,294.5,292.094604,27621198,290.4464172006877,286.3691847269432,4.077232473744459,4.697633123784521
36,2020-05-08,300.0,300.0,296.0,292.094604,32295893,290.7005099548848,286.8193956631401,3.8811142917447228,4.5222791221399845
37,2020-05-11,300.0,301.5,298.5,295.531006,28727019,291.44496610064635,287.50131257950716,3.943653521139197,4.399821841755393
38,2020-05-12,297.5,298.5,295.0,289.640015,52089788,291.1668694843137,287.66802270974125,3.498846774572428,4.211337185469032
39,2020-05-13,293.0,297.0,292.5,291.603699,26156418,291.23415834244605,287.97362127392194,3.2605370685241155,4.014242509670008
40,2020-05-14,293.0,295.0,292.5,287.676361,34315948,290.6862239384777,287.95062172521233,2.7356022132653948,3.7511078686950667
41,2020-05-15,297.5,298.5,294.5,292.58551,42494804,290.97868417898104,288.30805246731705,2.6706317116639866,3.530034507759189
42,2020-05-18,291.0,293.5,290.0,284.730865,84986065,290.016750987352,288.0330259170076,1.9837250703444056,3.2150992510573193
43,2020-05-19,294.0,294.0,291.5,286.20361299999996,51250214,289.4297373066157,287.89276835943184,1.5369689471838797,2.8745655829196495
44,2020-05-20,293.0,294.0,291.0,288.65820299999996,32677994,289.3109751707252,287.9513009228028,1.3596742479224417,2.5680534718777817
45,2020-05-21,296.0,298.0,295.0,292.094604,30997468,289.7394228055893,288.2673808869541,1.4720419186352274,2.346810555501009
46,2020-05-22,294.5,295.0,291.0,286.694519,40192923,289.2707936985751,288.14765698165485,1.1231367169202713,2.1002565402570412
47,2020-05-25,290.5,293.0,288.5,286.694519,26803223,288.8743131910579,288.03727195704516,0.8370412340127587,1.8461132820023987
48,2020-05-26,295.0,297.5,293.5,290.130951,33856481,289.067695965673,288.1960146499359,0.8716813157371348,1.6503021970447678
49,2020-05-27,297.0,298.0,295.5,291.11276200000003,23375959,289.382395702431,288.4167769322781,0.9656187701529007,1.5128462176584552
50,2020-05-28,298.5,298.5,293.0,288.65820299999996,28444568,289.27095921031656,288.43502050713636,0.8359387031802044,1.377054308901327
51,2020-05-29,292.0,292.5,290.0,286.694519,79774181,288.87451687497787,288.30369388230787,0.5708229926700028,1.2154172311817375
52,2020-06-01,294.0,296.5,293.5,290.130951,35811214,289.06784204500275,288.4413766074199,0.6264654375828513,1.0973985912122723
53,2020-06-02,296.0,297.5,296.0,291.11276200000003,24771587,289.38248314089515,288.64240751081707,0.7400756300780813,1.0258232414963853
54,2020-06-03,300.0,301.0,298.0,295.531006,65176337,290.3285064766246,289.1601875036819,1.1683189729427,1.0543577117488736
55,2020-06-04,305.0,306.0,304.0,300.440155,46572451,291.88427933075536,290.0071200290436,1.8771593017117425,1.2190811639469554
56,2020-06-05,308.5,312.0,308.0,305.840271,42981262,294.03151218614096,291.19472064800743,2.836791538133525,1.5428797784768078
57,2020-06-08,316.0,319.0,315.0,312.222168,50302921,296.83024800870913,292.77046059866365,4.059787410045487,2.0465805630915197
58,2020-06-09,316.5,319.0,314.0,313.203979,36417082,299.34941560473817,294.30037247592884,5.0490431288093305,2.6473777165839776
59,2020-06-10,319.0,324.0,318.0,316.640381,39984259,302.00968212793197,295.9716936463986,6.037988481533375,3.325775060229814
60,2020-06-11,325.5,327.0,318.5,314.676727,50104255,303.9585314075868,297.3700385713269,6.5884928362598885,3.978530446669729
61,2020-06-12,313.0,317.5,312.5,310.258484,45992918,304.9277856653087,298.33289065626184,6.594895009046866,4.50193924383782
62,2020-06-15,316.0,317.5,308.5,303.87658700000003,51032404,304.7660584477091,298.74677962480825,6.019278822900844,4.805470200563748
63,2020-06-16,317.0,317.0,314.0,309.276672,36608216,305.4600147735774,299.5324750531744,5.927539720403047,5.029921397883504
64,2020-06-17,316.5,317.0,313.5,309.276672,34522968,306.0472041059752,300.2591516604746,5.788052445500625,5.181567764666546
65,2020-06-18,314.5,315.0,313.0,311.256042,29044474,306.848576828374,301.0788374143347,5.769739414039293,5.299214604898989
66,2020-06-19,314.0,314.5,312.0,311.256042,48130280,307.52665773409854,301.8370737317439,5.68958400235465,5.377295126746317
67,2020-06-22,314.5,316.5,312.0,308.78182999999996,37374616,307.719763410488,302.3542596277121,5.365503782775875,5.374936697445848
68,2020-06-23,316.0,316.5,312.5,311.750885,41300084,308.3399420794714,303.0537617620496,5.286180317421838,5.357184454917028
69,2020-06-24,319.0,320.0,316.0,314.225098,54147024,309.24535823879654,303.885070916718,5.360287322078534,5.357805055380292
70,2020-06-29,314.0,315.0,310.0,308.78182999999996,56580892,309.17404569847855,304.2493366902761,4.924709008202456,5.271182827600615
71,2020-06-30,313.5,314.0,311.0,309.77151499999997,48991860,309.265964601792,304.65999748036455,4.6059671214274545,5.138135977561105
72,2020-07-01,315.0,318.0,314.0,314.225098,29532342,310.02891205892746,305.3711057142291,4.657806344698372,5.042067908599031
73,2020-07-02,319.0,322.0,318.0,318.67868,34526178,311.35965128135473,306.3601775570136,4.999473724341101,5.033548919763606
74,2020-07-03,327.0,330.5,326.5,326.101318,53341987,313.6276082171416,307.8270510460385,5.800557171103094,5.186952759484266
75,2020-07-06,332.5,338.0,332.0,334.513641,57256220,316.84085387211263,309.80955037386457,7.031303498248064,5.555827119037655
76,2020-07-07,343.5,346.0,338.0,335.008484,59046323,319.6358811358916,311.6811335613709,7.954747574520695,6.035615592707012
77,2020-07-08,337.5,342.5,337.5,337.48269700000003,30720218,322.3815511363689,313.59709563535625,8.784455501012644,6.585387591831522
78,2020-07-09,346.0,347.0,343.0,341.441437,35522376,325.3138467105649,315.6643700970987,9.64947661346622,7.198208978716304
79,2020-07-10,352.5,353.0,345.5,344.905334,60902108,328.3279264107873,317.83496658470585,10.49295982608146,7.857162229985353
80,2020-07-13,351.0,354.5,350.5,350.84344500000003,48069523,331.79185694978554,320.28484546553995,11.507011484245595,8.587134811989078
81,2020-07-14,355.0,364.0,354.5,359.75061,61764150,336.0932084084938,323.21355563701826,12.879652771475548,9.445640973528684
82,2020-07-15,366.0,370.0,361.0,359.255768,73438362,339.6566825046338,325.8878473278657,13.768835176768107,10.310281884580226
83,2020-07-16,359.0,361.0,353.5,353.8125,68220512,341.8345023337794,327.95956664651777,13.874935687261654,11.023214010823143
84,2020-07-17,361.0,369.0,360.0,363.214508,65727485,345.12373621494294,330.57481510689064,14.548921108052298,11.72835651089671
85,2020-07-20,370.0,370.0,362.5,362.224823,42769238,347.75467415960185,332.92239470154425,14.832279458057599,12.349141861409514
86,2020-07-21,372.5,387.0,371.5,379.049469,64219128,352.56926032894654,336.3434445554601,16.22581577348643,13.124477404271783
87,2020-07-22,381.0,386.0,379.0,380.039154,43759670,356.79539956055436,339.5838732446212,17.211526315933156,13.941887827975105
88,2020-07-23,382.0,383.0,379.0,377.56494100000003,45209282,359.99071474375063,342.4002709142845,17.590443829466153,14.671599486320746
89,2020-07-24,390.0,395.0,382.0,382.018524,86682734,363.37960947662873,345.3378393636152,18.041770113013513,15.34563395013793
90,2020-07-27,420.5,424.5,416.5,420.121399,99333798,372.1091177392696,350.8824008482731,21.2267168909965,16.52185101083663
91,2020-07-28,464.0,466.5,428.5,430.51312300000006,166307746,381.09435121834406,356.7859402346608,24.308410983683245,18.079163505906894
92,2020-07-29,428.0,431.5,419.5,417.647186,85663166,386.71786526813395,361.2976957504971,25.42016951763685,19.54736508574232
93,2020-07-30,436.5,441.0,428.5,429.523438,69293949,393.3033389934099,366.35510277217304,26.94823622123687,21.027539617295474
94,2020-07-31,426.0,432.0,425.5,421.111084,49897674,397.58145415800846,370.41381239220397,27.16764176580449,22.255560249068633
95,2020-08-03,420.5,424.0,415.0,411.709076,76429571,399.75493467705496,373.4746138250981,26.280320851956844,23.06051247561048
96,2020-08-04,421.5,425.5,418.5,421.111084,41223445,403.0404964127901,377.0052631018099,26.03523331098023,23.65545670533937
97,2020-08-05,430.5,433.5,426.0,424.57498200000003,47223834,406.3534944526288,380.53081536973434,25.822679082894467,24.088901217368015
98,2020-08-06,437.5,438.0,431.0,430.51312300000006,41029627,410.07036062714593,384.23502715612966,25.83533347101627,24.438187691639524
99,2020-08-07,433.5,434.0,428.0,428.53375199999994,36589460,412.9108825346973,387.5179065614659,25.392975973231387,24.629145358254313
100,2020-08-10,427.5,437.5,427.5,431.007965,36067500,415.69504919876243,390.7407489340816,24.954300264680853,24.694176342344793
101,2020-08-11,432.0,435.0,429.0,424.57498200000003,34545313,417.0611927610113,393.2479655874733,23.813227173537996,24.517986502503348
102,2020-08-12,422.0,423.5,419.0,414.678131,52143474,416.69456786235656,394.8359583097679,21.85860955258869,23.98611109783694
103,2020-08-13,428.0,429.0,424.5,424.57498200000003,44352335,417.9069393026914,397.0395852750324,20.86735402765902,23.362359670025437
104,2020-08-14,424.0,428.0,423.0,422.595612,23419955,418.6282735812065,398.93321015949215,19.695063421714337,22.628900407404114
105,2020-08-17,427.0,435.0,425.5,430.51312300000006,34137731,420.4567119906286,401.27313328454625,19.183578706082358,21.93983605739999
106,2020-08-18,440.0,440.5,432.0,428.53375199999994,41643160,421.6993335519814,403.29297414078457,18.40635941119683,21.233140720168173
107,2020-08-19,436.0,436.5,427.5,423.090454,31486800,421.9133520855718,404.759814391336,17.15353769423575,20.417220107600663
108,2020-08-20,427.0,427.5,401.0,410.71939100000003,75097235,420.1912042049693,405.20136492375576,14.989839281213563,19.331743934467646
109,2020-08-21,421.5,427.0,420.0,420.121399,41609467,420.18046494255407,406.30678539635045,13.873679546203618,18.240131050494835
110,2020-08-24,427.5,434.5,425.0,423.58529699999997,48375406,420.70428526371927,407.5869247308622,13.117360532857049,17.215576942221865
111,2020-08-25,433.5,436.0,430.5,430.01828,35977899,422.13720754156805,409.248806615281,12.888400926287034,16.350141735828164
112,2020-08-26,435.5,442.0,435.0,437.44091799999995,39243340,424.49162455008917,411.3374602881938,13.154164261895346,15.71094623914685
113,2020-08-27,448.0,453.5,444.0,439.42028799999997,53072712,426.7883420162337,413.41799175595827,13.370350260275416,15.242827042262455
114,2020-08-28,440.0,440.5,431.0,430.51312300000006,56842210,427.3613852471048,414.68447927086027,12.67690597624454,14.729642828085291
115,2020-08-31,437.0,439.5,426.5,422.100769,81480538,426.55205966752084,415.2339069702084,11.318152697312428,14.047344800895187
116,2020-09-01,430.0,435.0,428.0,430.51312300000006,37429577,427.1614540283429,416.3658398226965,10.795614205646416,13.396998681055804
117,2020-09-02,441.0,441.0,430.5,428.53375199999994,34871407,427.3725767937934,417.2672691989672,10.105307594826229,12.738660463170422
118,2020-09-03,439.5,439.5,433.5,431.502808,34951617,428.0079969808412,418.32186464051176,9.686132340329436,12.12815483812782
119,2020-09-04,427.0,432.5,427.0,424.57498200000003,46119911,427.4798408289034,418.7851036998544,8.694737129048974,11.441471295885172
120,2020-09-07,428.0,432.5,425.0,421.60592699999995,32019312,426.57616177679836,418.994072445461,7.582089331337386,10.669594902591744
121,2020-09-08,428.0,433.0,427.5,426.55438200000003,23714670,426.57281104190156,419.55414220756177,7.018668834339792,9.939409688650843
122,2020-09-09,425.0,428.0,423.0,422.595612,40551362,425.96093426549504,419.779453710878,6.181480554617053,9.187823861604866
123,2020-09-10,432.5,435.0,430.5,430.51312300000006,35098921,426.6612709945868,420.57459732817364,6.086673666413162,8.567593822408595
124,2020-09-11,435.5,436.5,432.5,431.99765,34298469,427.48225238073564,421.4208055483757,6.061446832359934,8.066364424296761
125,2020-09-14,436.0,442.0,435.5,436.451233,39085833,428.8620955539265,422.5342389786568,6.3278565752697205,7.718662854434691
126,2020-09-15,440.5,447.0,439.5,440.40997300000004,39061449,430.6386920851773,423.8584427841608,6.780249301016511,7.530980143726587
127,2020-09-16,460.0,462.0,455.5,453.27587900000003,64261238,434.12133622771984,426.03762696291903,8.083709264800802,7.64152596795296
128,2020-09-17,453.0,455.0,446.5,446.31005899999997,42058506,435.99652434735253,427.53936186573833,8.457162481614205,7.80465327069882
129,2020-09-18,447.0,449.5,443.0,441.832031,52454922,436.8942946019383,428.5981259290731,8.296168672865235,7.902956351138665
130,2020-09-21,443.5,450.0,440.0,437.851563,39463920,437.0415666632247,429.28359438526127,7.757972277963461,7.873959536502076
131,2020-09-22,440.0,441.0,436.0,434.866211,36130639,436.7068965611015,429.6971375590545,7.0097590020469625,7.701119429603669
132,2020-09-23,436.0,438.5,432.0,431.38330099999996,45710963,435.8878818592098,429.82204303410225,6.065838825107562,7.3740633086932705
133,2020-09-24,425.5,429.0,423.0,420.93457,79806381,433.58737234197173,429.1636898369565,4.423682505015222,6.783987147941529
134,2020-09-25,427.0,428.0,421.0,421.929688,38775269,431.7938824429189,428.6278213730556,3.1660610698633036,6.060401932310057
135,2020-09-28,427.0,431.5,424.5,429.39306600000003,34156973,431.4245260670351,428.6845077740308,2.7400182930043115,5.396325204437288
136,2020-09-29,432.5,435.0,428.0,428.895508,32230502,431.0354463643696,428.7001378324073,2.335308531962312,4.784121869933722
137,2020-09-30,430.5,435.0,430.5,430.885742,27334204,431.0124149236951,428.86203838898786,2.1503765347072203,4.257372802882523
138,2020-10-05,438.0,438.0,431.5,430.38818399999997,32945832,430.9163793969648,428.9750887669029,1.9412906300619284,3.7941563683142543
139,2020-10-06,441.5,442.0,437.5,437.35400400000003,35775395,431.90678318211616,429.5957621423922,2.3110210397239825,3.4975293025940744
140,2020-10-07,435.0,445.0,435.0,440.836914,42926239,433.2806494618715,430.4284561915434,2.8521932703281436,3.3684620961401484
141,2020-10-08,450.0,454.0,448.5,450.788086,60853811,435.97410123710256,431.9366039745337,4.037497262568877,3.502269129426508
142,2020-10-12,458.0,462.0,457.5,457.753906,64719223,439.32484043153585,433.84902848497006,5.475811946565784,3.896977692855812
143,2020-10-13,465.0,465.0,456.5,459.744141,45750738,442.46627128833484,435.7672144708193,6.6990568175155545,4.457393517789406
144,2020-10-14,460.5,461.0,457.0,456.758789,40809241,444.66512016711897,437.3221680622825,7.342952104836456,5.034505235200171
145,2020-10-15,456.0,456.5,450.0,450.788086,47775028,445.60711491066326,438.3196566185246,7.287458292138638,5.4850958465887105
146,2020-10-16,451.0,456.0,448.5,446.807617,46876801,445.79180753979597,438.94840210140575,6.843405438390221,5.75675776494942
147,2020-10-19,453.0,457.5,451.0,455.26611299999996,34470906,447.2493929952386,440.1571350923826,7.0922579028560335,6.0238577925310635
148,2020-10-20,455.5,457.0,451.0,448.797852,25205638,447.4876174575133,440.7971948967459,6.690422560767388,6.157170746178457
149,2020-10-21,453.5,456.0,451.0,450.788086,28058921,447.99538184867174,441.53726807756806,6.458113771103683,6.217359351163548
150,2020-10-22,450.0,455.0,449.5,452.77832,23438547,448.73121848734576,442.36994606325516,6.3612724240906005,6.246141965748976
151,2020-10-23,458.0,458.0,451.5,449.792969,18777385,448.89456472006333,442.9198041833214,5.97476053674194,6.191865679947542
152,2020-10-26,455.0,455.0,450.0,447.802734,15059581,448.7265907631292,443.281505471275,5.445085291854184,6.042509602328811
153,2020-10-27,447.5,448.5,445.5,444.817383,20117660,448.1251741841822,443.3952749876336,4.729899196548558,5.779987521172677
154,2020-10-28,445.0,447.0,443.0,441.832031,24710230,447.1569983096871,443.2794783728378,3.8775199368492963,5.399494004307906
155,2020-10-29,436.5,439.5,435.5,434.866211,41285612,445.2661079543415,442.6562695757407,2.6098383786008412,4.84156287916638
156,2020-10-30,437.0,437.0,432.0,429.890625,47668895,442.90064903827937,441.71066092595186,1.1899881123275122,4.111247925798489
157,2020-11-02,433.0,435.5,428.0,433.37353499999995,33477443,441.4349391862313,441.09309280861146,0.34184637761984504,3.357367616162663
158,2020-11-03,439.5,443.0,438.0,438.84668,30328495,441.0367454652715,440.92669105299774,0.11005441227376878,2.707904975384817
159,2020-11-04,444.5,451.5,443.0,447.802734,37512790,442.07766677830915,441.4360298542731,0.6416369240360495,2.2946513651150293
160,2020-11-05,451.5,451.5,445.5,448.797852,34886108,443.11154142780225,441.9813522800968,1.1301891477054369,2.0617589216330954
161,2020-11-06,455.0,455.5,450.0,450.29052699999994,30154140,444.2160007466039,442.5968490728607,1.619151673743204,1.973237472055112
162,2020-11-09,458.0,460.0,454.0,456.26122999999995,39245881,446.0691129394369,443.6090290451617,2.460083894275158,2.0706067564991253
163,2020-11-10,452.0,454.5,448.5,448.797852,34820499,446.4889189487548,443.99338756943,2.4955313793248024,2.1555916810642635
164,2020-11-11,448.5,457.0,448.5,454.768555,36765561,447.76270911048624,444.7915505586187,2.971158551867518,2.3187050552249184
165,2020-11-12,463.0,463.5,457.5,455.763672,40100880,448.99362647810483,445.6043025944181,3.3893238836867567,2.532828820917291
166,2020-11-13,459.0,462.0,456.5,459.744141,31037438,450.6475517891669,446.6517007756193,3.9958510135476217,2.8254332594433618
167,2020-11-16,470.0,484.5,469.0,481.636719,81994937,455.415115975452,449.24318989282466,6.171926082627351,3.494731824080168
168,2020-11-17,502.0,506.0,485.5,483.12939500000005,72413868,459.6788512100002,451.75328479737885,7.925566412621322,4.380898741788408
169,2020-11-18,490.0,497.0,486.5,494.573242,50387727,465.0472190238488,454.9251400749677,10.122078948881096,5.529134783206955
170,2020-11-19,499.0,499.0,490.0,487.607422,44220053,468.51801948171953,457.3460545086018,11.171964973117724,6.657700821189116
171,2020-11-20,486.0,490.0,486.0,485.617188,32281453,471.14866079222514,459.44021627857154,11.708444513653603,7.667849559682018
172,2020-11-23,494.5,498.5,492.0,494.07568399999997,38084006,474.67589513188375,462.0058107154016,12.670084416482155,8.66829653104205
173,2020-11-24,499.5,500.0,491.5,489.597656,35479226,476.97155065005603,464.04965423087606,12.921896419179973,9.519016508669637
174,2020-11-25,495.0,495.5,487.0,484.62207,41419632,478.1485536269707,465.5735390371666,12.575014589804084,10.130216124896528
175,2020-11-26,489.0,493.5,488.0,486.612305,28893033,479.4506692228216,467.13196818776134,12.318701035060258,10.567913106929275
176,2020-11-27,487.5,492.0,486.5,486.612305,32960189,480.55245934238764,468.5749578506675,11.977501491720147,10.84983078388745
177,2020-11-30,493.0,493.5,480.5,478.15380899999997,119895176,480.18343621278945,469.2845031774191,10.898933035370362,10.859651234184032
178,2020-12-01,489.5,490.0,483.5,487.607422,37018651,481.3255878723604,470.64175783545295,10.683830036907466,10.82448699472872
179,2020-12-02,499.5,500.0,493.5,496.563477,50621339,483.6698785073821,472.5618870304755,11.107991476906648,10.881187891164304
180,2020-12-03,499.5,499.5,495.0,494.573242,35651379,485.3473190447081,474.1923592231237,11.154959821584441,10.935942277248332
181,2020-12-04,498.5,505.0,497.5,500.543945,51172005,487.68526149936855,476.144330151873,11.54093134749553,11.05694009129777
182,2020-12-07,512.0,515.0,506.0,511.490234,44271244,491.34756496100437,478.76254725370814,12.585017707296231,11.362555614497463
183,2020-12-08,514.0,525.0,509.0,521.4414059999999,40771761,495.97738665931155,481.9239464361265,14.05344022318502,11.900732536234976
184,2020-12-09,521.0,524.0,520.0,517.4609379999999,43314115,499.2825484040329,484.55631790724743,14.72623049678549,12.465832128345081
185,2020-12-10,511.0,515.0,510.0,509.5,42556926,500.8544640341818,486.40399918379006,14.450464850391711,12.862758672754408
186,2020-12-11,517.0,517.0,505.0,513.4804690000001,45660960,502.7969263366154,488.40966474186,14.387261594755387,13.167659257154604
187,2020-12-14,512.0,513.0,508.0,505.519531,30260485,503.2157885925207,489.6770629020119,13.538725690508784,13.241872543825442
188,2020-12-15,507.0,510.0,504.0,501.539063,39852366,502.957830809056,490.55572999932116,12.402100809734861,13.073918197007327
189,2020-12-16,509.0,515.0,507.0,509.5,52012348,503.9643183768936,491.9590098847121,12.005308492181484,12.86019625604216
190,2020-12-17,515.0,515.0,508.0,508.0,38215179,504.58519247275615,493.14723186559644,11.43796060715971,12.575749126265672
191,2020-12-18,508.0,512.0,507.0,510.0,39924864,505.4182397846398,494.395585538241,11.022654246398815,12.265130150292302
192,2020-12-21,512.0,517.0,508.0,516.0,34813281,507.0462028946952,495.9959131022008,11.050289792494425,12.022162078732729
193,2020-12-22,512.0,516.0,509.0,509.0,22454277,507.3467870647421,496.9591791142254,10.387607950516724,11.695251253089529
194,2020-12-23,508.0,511.0,506.0,509.0,18086715,507.6011275163202,497.85109204325676,9.750035473063463,11.306208097084317
195,2020-12-24,511.0,512.0,508.0,510.0,14950143,507.9701848215017,498.75101140417934,9.219173417322338,10.888801161131923
196,2020-12-25,514.0,515.0,510.0,511.0,12327895,508.43631023357835,499.65834412896237,8.777966104615984,10.466634149828735
197,2020-12-28,512.0,515.0,509.0,515.0,19087382,509.4461086591817,500.79476335629965,8.65134530288202,10.103576380439392
198,2020-12-29,515.0,517.0,513.0,515.0,19907528,510.300553480846,501.8470033425332,8.453550138312835,9.773571132014082
199,2020-12-30,516.0,525.0,514.0,525.0,46292401,512.562006791485,503.5620404863986,8.999966305086446,9.618850166628555
200,2020-12-31,526.0,530.0,524.0,530.0,29970398,515.2447749774104,505.5204082325073,9.724366744903136,9.639953482283472
201,2021-01-04,530.0,540.0,528.0,536.0,38770328,518.4378865193473,507.7781561708556,10.659730348491735,9.843908855525125
202,2021-01-05,536.0,542.0,535.0,542.0,34411866,522.0628270548324,510.3131079814672,11.749719073365156,10.225070899093133
203,2021-01-06,555.0,555.0,541.0,549.0,53030554,526.2070075079351,513.1788041218391,13.028203386096038,10.785697396493715
204,2021-01-07,554.0,570.0,553.0,565.0,51166782,532.1751601990221,517.0174117638134,15.15774843520876,11.660107604236725
205,2021-01-08,580.0,580.0,571.0,580.0,59563555,539.532827860711,521.6827892777632,17.850038582947832,12.898093799978948
206,2021-01-11,577.0,584.0,574.0,584.0,48810990,546.3739312667554,526.2988795175094,20.075051749246086,14.333485389832378
207,2021-01-12,583.0,597.0,582.0,591.0,50232426,553.2394803026392,531.0915556439074,22.147924658731768,15.896373243612256
208,2021-01-13,595.0,605.0,593.0,605.0,62662393,561.2026371791562,536.5662557918129,24.636381387343363,17.64437487235848
209,2021-01-14,587.0,597.0,587.0,592.0,75288477,565.9406929977476,540.6724594595471,25.268233538200548,19.169146605526894
210,2021-01-15,621.0,625.0,601.0,601.0,92010500,571.3344325365557,545.1411665623151,26.193265974240603,20.573970479269637
211,2021-01-18,608.0,608.0,594.0,607.0,45726476,576.8214429155472,549.7233027485521,27.09814016699511,21.878804416814734
212,2021-01-19,618.0,632.0,613.0,627.0,50672866,584.5412209285399,555.4475029799212,29.093717948618746,23.32178712317554
213,2021-01-20,633.0,650.0,631.0,647.0,82066422,594.1502638626107,562.2291699030006,31.92109395961006,25.041648490462446
214,2021-01-21,640.0,679.0,640.0,673.0,89019137,606.2809924991321,570.4344171113974,35.84657538773479,27.202633869916916
215,2021-01-22,649.0,665.0,649.0,649.0,125179403,612.8531474992657,576.2540902690092,36.59905723025645,29.081918541984827
216,2021-01-25,642.0,646.0,626.0,633.0,93050133,615.9526632686094,580.4574912245952,35.495172044014225,30.36456924239071
217,2021-01-26,632.0,640.0,610.0,617.0,100153482,616.1137919965157,583.1643438664634,32.94944813005236,30.881545019923042
218,2021-01-27,618.0,625.0,611.0,615.0,59985191,615.9424393816671,585.5225407300175,30.419898651649646,30.789215746268365
219,2021-01-28,600.0,608.0,598.0,601.0,96447533,613.6436025537183,586.6690192452929,26.974583308425395,30.026289258699773
220,2021-01-29,619.0,619.0,591.0,591.0,90745237,610.1599713916078,586.989832647701,23.17013874390682,28.655059155741185
221,2021-02-01,595.0,612.0,587.0,611.0,67462398,610.2892065621296,588.7683636302925,21.520842931837137,27.228215910960373
222,2021-02-02,629.0,638.0,622.0,632.0,78429188,613.6293286294942,591.9707071777976,21.658621451696604,26.114297019107617
223,2021-02-03,638.0,642.0,630.0,630.0,48738970,616.1478934557259,594.7876919230985,21.360201532627457,25.163477921811587
224,2021-02-04,626.0,632.0,620.0,627.0,46371900,617.8174483086912,597.1737888896855,20.643659419005644,24.259514221250402
225,2021-02-05,638.0,641.0,631.0,632.0,53267273,619.9993793381233,599.7535083032685,20.24587103485476,23.456785583971275
226,2021-02-17,663.0,668.0,660.0,663.0,107614290,626.6148594399505,604.4384337353396,22.176425704610892,23.2007136080992
227,2021-02-18,664.0,665.0,656.0,660.0,53109010,631.7510349107274,608.5541054090877,23.196929501639715,23.199956786807306
228,2021-02-19,656.0,657.0,647.0,652.0,50279585,634.866260309077,611.772319894609,23.093940414467966,23.17875351233944
229,2021-02-22,660.0,662.0,650.0,650.0,36474610,637.1945279538343,614.6039999605699,22.590527993264345,23.061108408524426
230,2021-02-23,641.0,643.0,633.0,641.0,50076333,637.779985191706,616.5592592599306,21.220725931775405,22.693031913174625
231,2021-02-24,627.0,636.0,625.0,625.0,66206750,635.8138336237512,617.1844993257591,18.629334297992045,21.880292390138113
232,2021-02-25,636.0,636.0,628.0,635.0,43231417,635.6886284508663,618.504166063884,17.184462386982318,20.941126389506955
233,2021-02-26,611.0,618.0,606.0,606.0,111861175,631.121147150733,617.5779315266515,13.54321562408154,19.461544236421872
234,2021-03-02,621.0,622.0,609.0,609.0,54041533,627.7178937429279,616.9425291824629,10.77536456046505,17.724308301230508
235,2021-03-03,609.0,622.0,601.0,622.0,48252965,626.8382177824775,617.317156655277,9.521061127200483,16.083658866424503
236,2021-03-04,609.0,611.0,601.0,601.0,67711962,622.8631073544041,616.108478370032,6.7546289843720615,14.217852890014015
237,2021-03-05,588.0,605.0,584.0,601.0,79918467,619.4995523768034,614.9893318116863,4.510220565117152,12.276326425034643
238,2021-03-08,608.0,610.0,598.0,598.0,43219772,616.1919289342183,613.7308627756693,2.461066158548988,10.313274371737513
239,2021-03-09,585.0,595.0,585.0,595.0,68768861,612.9316321751078,612.3433914457546,0.5882407293531742,8.368267643260646
240,2021-03-10,601.0,601.0,593.0,597.0,40146301,610.4806118404758,611.2068439212436,-0.7262320807677725,6.549367698454962
241,2021-03-11,596.0,612.0,595.0,609.0,54416046,610.2528254034795,611.0433739998183,-0.7905485963387946,5.081384439496211
242,2021-03-12,615.0,618.0,609.0,614.0,33168846,610.8293138029442,611.2623833348189,-0.43306953187470754,3.978493645222027
